OUTREACHLM ROLLOUT-CALIBRATION REGIME ANALYSIS
================================================================================
Timestamp: 2026-08-18T17:53:32.777350

Leader: leader=C:\Users\josep\OneDrive\Desktop\OutreachLM\experiments\v2-divergence-intervention-20260816-113809.pt
Candidates: v5_seed1=C:\Users\josep\OneDrive\Desktop\OutreachLM\experiments\v5-boundary-rollout-intervention-20260818-123304.pt, v5_seed2=C:\Users\josep\OneDrive\Desktop\OutreachLM\experiments\v5-boundary-rollout-intervention-20260818-125542.pt
Positions analyzed: 40..52 | sample_count=4096 seed=42

LEADER SNAPSHOT
--------------------------------------------------------------------------------
teacher_top1=0.4625 free_match=0.2000 first_div=41 post_div_next12=0.3333

CANDIDATE SNAPSHOT
--------------------------------------------------------------------------------
label,teacher_top1,free_match,first_div,post_div_next12,heldout_mean,heldout_range
v5_seed1,0.462500,0.100000,41,0.416667,0.103125,0.050000
v5_seed2,0.450000,0.187500,41,0.250000,0.128125,0.100000

POSITION-LEVEL DELTAS VS LEADER (candidate - leader)
--------------------------------------------------------------------------------
[v5_seed1]
pos,delta_free_gold_p,delta_margin_shift,delta_free_entropy,delta_hidden_move,delta_logit_move,delta_fallback_mass_ctx_diff,delta_argmax_change
40,0.006035,0.000000,-0.031522,0.000000,0.000000,0.000000,0.000000
41,-0.014919,-0.275980,0.114054,-2.051064,-3.612220,0.036071,-0.149170
42,-0.014149,-0.344008,0.246116,-2.938358,-4.586460,0.011855,-0.185303
43,-0.007872,-0.454802,0.207135,-3.328516,-5.708491,0.019403,-0.193359
44,-0.002544,-0.416793,0.173769,-2.752940,-4.258167,0.029920,-0.163574
45,-0.001982,-0.295063,0.178921,0.422651,4.067234,0.007060,-0.025391
46,-0.003835,-0.273427,0.224176,0.528488,3.923168,0.001033,-0.031738
47,-0.005882,-0.288570,0.273691,0.699709,4.435455,-0.012767,0.002686
48,-0.004934,-0.162038,0.222880,0.796638,4.049301,-0.003559,0.001465
49,-0.003912,-0.165676,0.205207,0.831148,4.373117,-0.025892,0.003174
50,-0.002528,-0.050450,0.160212,0.751237,4.023764,-0.010286,-0.008057
51,-0.001616,-0.139070,0.135252,0.768251,3.985868,-0.000768,0.006592
52,-0.001532,-0.077197,0.138224,0.725257,3.862513,0.002704,-0.015381
[v5_seed2]
pos,delta_free_gold_p,delta_margin_shift,delta_free_entropy,delta_hidden_move,delta_logit_move,delta_fallback_mass_ctx_diff,delta_argmax_change
40,0.001546,0.000000,0.016248,0.000000,0.000000,0.000000,0.000000
41,-0.021027,-0.300891,0.154022,-2.073274,-3.685584,0.038429,-0.147217
42,-0.013471,-0.371459,0.249716,-2.809560,-4.548823,0.006273,-0.215332
43,-0.008391,-0.500295,0.211924,-3.553063,-6.006633,0.022462,-0.175049
44,-0.002818,-0.430036,0.165541,-2.398862,-3.635839,0.024461,-0.121582
45,-0.003131,-0.408335,0.177010,0.334752,3.275444,0.002190,-0.029053
46,-0.003648,-0.300627,0.203533,0.456617,3.687725,0.003018,-0.032959
47,-0.003945,-0.304478,0.227814,0.491479,3.885111,-0.000578,0.010254
48,-0.004674,-0.165056,0.197983,0.631104,3.655039,0.000939,0.010010
49,-0.002418,-0.197002,0.167162,0.602380,3.512075,-0.013899,-0.000244
50,-0.001654,-0.098048,0.139618,0.484544,3.303507,-0.002517,-0.017822
51,-0.001473,-0.166349,0.125076,0.485535,3.273146,0.002132,0.008789
52,-0.001493,-0.164273,0.133949,0.583533,3.627605,0.006734,-0.003906

CROSS-SEED STABILITY (CANDIDATES)
--------------------------------------------------------------------------------
free_match mean/std/min/max = 0.143750/0.043750/0.100000/0.187500
post_div_next12 mean/std = 0.333333/0.083333
heldout_mean_free mean/std = 0.115625/0.012500