OUTREACHLM ROLLOUT-CALIBRATION REGIME ANALYSIS
================================================================================
Timestamp: 2026-08-19T15:39:24.946427

Leader: v2=C:\Users\josep\Desktop\OutreachLM\experiments\v2-divergence-intervention-20260816-113809.pt
Candidates: v6_seed1=C:\Users\josep\Desktop\OutreachLM\experiments\v6-training-rollout-calibration-seed1\v4-best-rollout.pt, v6_seed1337=C:\Users\josep\Desktop\OutreachLM\experiments\v6-training-rollout-calibration-seed1337\v4-best-rollout.pt
Positions analyzed: 40..52 | sample_count=64 seed=42

LEADER SNAPSHOT
--------------------------------------------------------------------------------
teacher_top1=0.4625 free_match=0.2000 first_div=41 post_div_next12=0.3333

CANDIDATE SNAPSHOT
--------------------------------------------------------------------------------
label,teacher_top1,free_match,first_div,post_div_next12,heldout_mean,heldout_range
v6_seed1,0.225000,0.225000,41,0.166667,0.140625,0.137500
v6_seed1337,0.250000,0.225000,41,0.250000,0.143750,0.125000

POSITION-LEVEL DELTAS VS LEADER (candidate - leader)
--------------------------------------------------------------------------------
[v6_seed1]
pos,delta_free_gold_p,delta_margin_shift,delta_free_entropy,delta_hidden_move,delta_logit_move,delta_fallback_mass_ctx_diff,delta_argmax_change
40,-0.088769,0.000000,-0.160478,0.000000,0.000000,0.000000,0.000000
41,-0.016780,-0.556162,-0.347502,-4.616413,0.201280,0.048578,-0.218750
42,0.008647,-0.848389,-0.452012,-6.916619,-3.323327,0.037552,-0.375000
43,0.025648,-1.088049,-0.442582,-9.045028,-7.874936,0.021929,-0.328125
44,0.027512,-0.589123,-0.675859,-9.587277,-10.864824,0.068483,-0.484375
45,0.018886,-0.638384,-0.765006,-9.783665,-10.429882,0.092258,-0.296875
46,0.026134,-0.330193,-0.820795,-10.176226,-10.959070,0.104199,-0.437500
47,0.014025,-0.616009,-0.685138,-10.198151,-11.436604,0.084732,-0.312500
48,0.021896,-0.436320,-0.810836,-10.858520,-14.787591,0.097764,-0.312500
49,0.033907,-0.429229,-1.002496,-10.696521,-14.320436,0.123765,-0.312500
50,0.026402,-0.420501,-0.955805,-11.119705,-15.794504,0.115214,-0.375000
51,0.034798,-0.238060,-0.878392,-11.377266,-15.487476,0.098820,-0.234375
52,0.022583,-0.761345,-0.872475,-11.143975,-15.590080,0.127964,-0.343750
[v6_seed1337]
pos,delta_free_gold_p,delta_margin_shift,delta_free_entropy,delta_hidden_move,delta_logit_move,delta_fallback_mass_ctx_diff,delta_argmax_change
40,-0.092977,0.000000,0.454339,0.000000,0.000000,0.000000,0.000000
41,-0.027375,-0.344995,0.287391,-4.589961,0.195458,0.040232,-0.078125
42,-0.001635,-0.387137,0.192434,-6.911397,-3.901909,0.036867,-0.140625
43,-0.000430,-0.815322,0.218741,-9.008281,-7.844537,0.022780,-0.203125
44,0.000434,-0.429692,0.069439,-9.545599,-10.818847,0.055604,-0.312500
45,0.006030,-0.500647,0.001019,-9.719668,-9.831423,0.073767,-0.250000
46,0.002714,-0.097953,-0.030796,-10.095540,-10.148282,0.081043,-0.156250
47,-0.002637,-0.516301,0.089582,-10.130104,-10.755879,0.067129,-0.140625
48,-0.002284,-0.346143,-0.021563,-10.748014,-13.225330,0.071850,-0.187500
49,0.011396,-0.129860,-0.244956,-10.578133,-12.677512,0.109079,-0.203125
50,0.009572,-0.314549,-0.164675,-10.976614,-13.555829,0.087851,-0.187500
51,0.001848,-0.203135,-0.110520,-11.240947,-13.339508,0.068669,-0.109375
52,0.009268,-0.533591,-0.182477,-10.965476,-12.594815,0.119323,-0.140625

CROSS-SEED STABILITY (CANDIDATES)
--------------------------------------------------------------------------------
free_match mean/std/min/max = 0.225000/0.000000/0.225000/0.225000
post_div_next12 mean/std = 0.208333/0.041667
heldout_mean_free mean/std = 0.142188/0.001563