OUTREACHLM ROLLOUT-CALIBRATION REGIME ANALYSIS
================================================================================
Timestamp: 2026-08-19T15:46:39.557421

Leader: v2=C:\Users\josep\Desktop\OutreachLM\experiments\v2-divergence-intervention-20260816-113809.pt
Candidates: v6_seed1=C:\Users\josep\Desktop\OutreachLM\experiments\v6-training-rollout-calibration-seed1\v4-best-rollout.pt, v6_seed1337=C:\Users\josep\Desktop\OutreachLM\experiments\v6-training-rollout-calibration-seed1337\v4-best-rollout.pt
Positions analyzed: 40..52 | sample_count=1024 seed=42

LEADER SNAPSHOT
--------------------------------------------------------------------------------
teacher_top1=0.4625 free_match=0.2000 first_div=41 post_div_next12=0.3333

CANDIDATE SNAPSHOT
--------------------------------------------------------------------------------
label,teacher_top1,free_match,first_div,post_div_next12,heldout_mean,heldout_range
v6_seed1,0.225000,0.225000,41,0.166667,0.140625,0.137500
v6_seed1337,0.250000,0.225000,41,0.250000,0.143750,0.125000

POSITION-LEVEL DELTAS VS LEADER (candidate - leader)
--------------------------------------------------------------------------------
[v6_seed1]
pos,delta_free_gold_p,delta_margin_shift,delta_free_entropy,delta_hidden_move,delta_logit_move,delta_fallback_mass_ctx_diff,delta_argmax_change
40,-0.118745,0.000000,-0.052398,0.000000,0.000000,0.000000,0.000000
41,-0.040452,-0.369128,-0.329555,-4.558266,0.260334,0.070132,-0.164062
42,-0.001551,-0.670196,-0.423414,-6.864290,-3.356850,0.038083,-0.335938
43,0.010443,-0.726048,-0.494370,-8.492638,-6.695610,0.043682,-0.359375
44,0.013503,-0.705110,-0.562055,-9.334756,-9.459902,0.065956,-0.416016
45,0.023721,-0.631106,-0.699045,-9.753783,-10.387322,0.084320,-0.357422
46,0.025132,-0.546775,-0.763628,-9.966828,-11.029117,0.102632,-0.386719
47,0.025278,-0.503165,-0.787043,-10.384173,-13.228536,0.105913,-0.326172
48,0.023330,-0.391485,-0.840731,-10.514763,-13.741548,0.110046,-0.333984
49,0.028521,-0.491833,-0.943532,-10.660353,-14.540769,0.113181,-0.331055
50,0.028810,-0.425785,-0.981858,-11.003719,-15.545792,0.123089,-0.309570
51,0.028641,-0.446409,-0.950890,-11.337847,-15.627280,0.122404,-0.331055
52,0.029490,-0.387312,-0.937306,-11.180964,-15.278309,0.140304,-0.326172
[v6_seed1337]
pos,delta_free_gold_p,delta_margin_shift,delta_free_entropy,delta_hidden_move,delta_logit_move,delta_fallback_mass_ctx_diff,delta_argmax_change
40,-0.108007,0.000000,0.564491,0.000000,0.000000,0.000000,0.000000
41,-0.048643,-0.211245,0.324325,-4.557165,-0.307790,0.029283,-0.003906
42,-0.015326,-0.409019,0.253583,-6.830444,-3.340761,0.009825,-0.134766
43,-0.007713,-0.450320,0.189710,-8.457392,-6.702453,0.024936,-0.200195
44,-0.004851,-0.485785,0.165034,-9.288085,-9.252620,0.038936,-0.240234
45,0.004482,-0.444924,0.051684,-9.695299,-9.947325,0.055552,-0.232422
46,0.003728,-0.389396,0.015879,-9.887864,-10.203417,0.066431,-0.198242
47,0.000111,-0.384093,0.005331,-10.298162,-12.259535,0.067829,-0.161133
48,-0.000181,-0.306067,-0.034079,-10.412007,-12.447404,0.068658,-0.184570
49,0.005543,-0.359115,-0.142087,-10.548132,-13.069869,0.076198,-0.131836
50,0.006810,-0.296334,-0.169421,-10.877659,-13.767119,0.082399,-0.133789
51,0.002987,-0.304363,-0.134265,-11.183723,-13.316115,0.077849,-0.118164
52,0.006849,-0.160529,-0.166851,-11.015702,-12.666051,0.106876,-0.086914

CROSS-SEED STABILITY (CANDIDATES)
--------------------------------------------------------------------------------
free_match mean/std/min/max = 0.225000/0.000000/0.225000/0.225000
post_div_next12 mean/std = 0.208333/0.041667
heldout_mean_free mean/std = 0.142188/0.001563