OUTREACHLM ROLLOUT-CALIBRATION REGIME ANALYSIS
================================================================================
Timestamp: 2026-08-19T16:11:04.743926

Leader: v2=C:\Users\josep\Desktop\OutreachLM\experiments\v2-divergence-intervention-20260816-113809.pt
Candidates: v6_seed1=C:\Users\josep\Desktop\OutreachLM\experiments\v6-training-rollout-calibration-seed1\v4-best-rollout.pt, v6_seed1337=C:\Users\josep\Desktop\OutreachLM\experiments\v6-training-rollout-calibration-seed1337\v4-best-rollout.pt
Positions analyzed: 40..52 | sample_count=4096 seed=42

LEADER SNAPSHOT
--------------------------------------------------------------------------------
teacher_top1=0.4625 free_match=0.2000 first_div=41 post_div_next12=0.3333

CANDIDATE SNAPSHOT
--------------------------------------------------------------------------------
label,teacher_top1,free_match,first_div,post_div_next12,heldout_mean,heldout_range
v6_seed1,0.225000,0.225000,41,0.166667,0.140625,0.137500
v6_seed1337,0.250000,0.225000,41,0.250000,0.143750,0.125000

POSITION-LEVEL DELTAS VS LEADER (candidate - leader)
--------------------------------------------------------------------------------
[v6_seed1]
pos,delta_free_gold_p,delta_margin_shift,delta_free_entropy,delta_hidden_move,delta_logit_move,delta_fallback_mass_ctx_diff,delta_argmax_change
40,-0.122759,0.000000,-0.045938,0.000000,0.000000,0.000000,0.000000
41,-0.041622,-0.376635,-0.332000,-4.554628,0.252503,-0.135925,-0.165527
42,-0.007439,-0.640265,-0.404613,-6.818808,-3.292505,-0.155851,-0.340820
43,0.006605,-0.739749,-0.489896,-8.321939,-6.475498,-0.149812,-0.341553
44,0.015554,-0.704905,-0.568910,-9.266526,-9.088157,-0.135633,-0.385010
45,0.020624,-0.570478,-0.695561,-9.722432,-10.162049,-0.117298,-0.368164
46,0.022715,-0.522666,-0.764060,-9.901677,-10.615288,-0.102100,-0.403076
47,0.023070,-0.541095,-0.770640,-10.310882,-12.711548,-0.102447,-0.345215
48,0.024333,-0.430608,-0.827100,-10.570479,-13.651472,-0.085852,-0.348389
49,0.027283,-0.469264,-0.932472,-10.745062,-14.516563,-0.055697,-0.336426
50,0.031134,-0.407848,-0.966336,-11.039979,-15.393840,-0.048808,-0.330811
51,0.029151,-0.466897,-0.932666,-11.188667,-15.144753,-0.055310,-0.316650
52,0.030337,-0.412291,-0.939240,-11.220794,-15.414364,-0.047521,-0.338135
[v6_seed1337]
pos,delta_free_gold_p,delta_margin_shift,delta_free_entropy,delta_hidden_move,delta_logit_move,delta_fallback_mass_ctx_diff,delta_argmax_change
40,-0.111080,0.000000,0.573621,0.000000,0.000000,0.000000,0.000000
41,-0.050843,-0.215649,0.329109,-4.560813,-0.479547,0.004431,-0.010742
42,-0.021509,-0.422830,0.281868,-6.790437,-3.399677,-0.005728,-0.152588
43,-0.010342,-0.457084,0.199904,-8.287593,-6.496153,0.007297,-0.194336
44,-0.002264,-0.471476,0.162565,-9.222817,-8.962352,0.010517,-0.231689
45,0.002598,-0.395639,0.054801,-9.666571,-9.787835,0.030040,-0.229004
46,0.002519,-0.381910,0.015664,-9.833527,-10.017637,0.037998,-0.231445
47,0.001726,-0.432993,0.016707,-10.230140,-11.876456,0.037020,-0.190674
48,0.001470,-0.338831,-0.022137,-10.477220,-12.557720,0.048325,-0.176758
49,0.006105,-0.365351,-0.129340,-10.637540,-13.154189,0.080345,-0.151611
50,0.006125,-0.284288,-0.155955,-10.916386,-13.703238,0.083701,-0.143555
51,0.004659,-0.312621,-0.124353,-11.039801,-12.931953,0.077488,-0.128418
52,0.006462,-0.182834,-0.152795,-11.056608,-12.866116,0.089874,-0.088135

CROSS-SEED STABILITY (CANDIDATES)
--------------------------------------------------------------------------------
free_match mean/std/min/max = 0.225000/0.000000/0.225000/0.225000
post_div_next12 mean/std = 0.208333/0.041667
heldout_mean_free mean/std = 0.142188/0.001563